-3.586582294995818709e-02
-3.531037774490594638e-01
1.121289585118315085e-01
-2.040629445275382869e-01
-1.342020180935292462e-01
-5.680391800211919140e-01
1.240314486636453273e+00
7.450337736020155033e-01
1.295018016706187547e-01
1.714366671327967939e+00
1.093032842352959166e+00
1.239891108989212176e+00
5.194594248116168878e-01
1.281773265828458075e-01
5.321722147718124241e-01
4.492629427637162554e-01
5.029921962715494521e-01
5.826192581646350011e-02
1.116879893946422175e+00
5.484285903592442946e-01
