6.377648928637984493e-01
-3.138207212483849484e-01
-8.502031699436108925e-01
9.350906280463937570e-01
-9.335624038129754221e-02
-4.505778445583170644e-01
-7.407733386801790276e-01
-5.151731996454657070e-01
-2.281930029116354536e-02
3.225656859856337322e-01
-4.174672245106641477e-01
4.102212877450812645e-01
5.230607715832462645e-01
1.283086898645098728e+00
3.250057665828310904e-01
1.886658384608825401e+00
9.321717357258657577e-01
4.993744175835584942e-01
6.730909151577326721e-01
1.643784065241621350e-01
