7.225056602942045991e-01
2.374515775073496038e-01
1.643175007996137971e-01
1.910961954235106952e-01
7.944995302120241298e-01
-1.442210551688321296e-01
6.803647020895786657e-02
-8.132336815237940081e-03
6.242393528863643404e-01
4.111464730692740988e-01
-3.839902530920422108e-01
-5.094700977955337606e-01
1.598055021015376109e+00
1.692520660955762368e+00
9.071063546952344847e-01
1.142397027499053364e+00
6.870642020368391556e-01
8.021022549918523925e-01
1.519638840117526479e+00
1.507265719881206056e+00
