-6.751067903791229696e+01
-5.012251002663956712e+01
-1.929912068402482461e+01
-4.364372390172326988e+01
4.567388686026541933e+01
-9.643788088338521902e+01
1.655649407181050208e+02
8.505324664153309300e+01
1.380910747886303511e+02
1.516084086607195047e+02
3.866441190195168787e+01
1.031188858579743481e+02
5.057417160078776419e+01
7.970662527236291339e+01
5.298738267073250796e+01
-6.069091166953766603e+00
9.659840244262372266e+01
-4.077963112239335608e+00
9.891778377502188846e+01
-5.122021248375285829e+00
