7.225056602942045458e+01
2.374515775073496116e+01
1.643175007996137893e+01
1.910961954235106930e+01
7.944995302120241831e+01
-1.442210551688321374e+01
6.803647020895786213e+00
-8.132336815237940497e-01
6.242393528863643581e+01
4.111464730692740943e+01
-3.839902530920421952e+01
-5.094700977955337606e+01
1.598055021015375985e+02
1.692520660955762253e+02
9.071063546952345291e+01
1.142397027499053337e+02
6.870642020368391911e+01
8.021022549918524192e+01
1.519638840117526399e+02
1.507265719881206110e+02
