-6.751067903791229119e-01
-5.012251002663956623e-01
-1.929912068402482306e-01
-4.364372390172326921e-01
4.567388686026541689e-01
-9.643788088338521858e-01
1.655649407181050137e+00
8.505324664153309788e-01
1.380910747886303636e+00
1.516084086607194958e+00
3.866441190195168964e-01
1.031188858579743517e+00
5.057417160078776508e-01
7.970662527236291872e-01
5.298738267073250796e-01
-6.069091166953766159e-02
9.659840244262372089e-01
-4.077963112239335608e-02
9.891778377502189468e-01
-5.122021248375285829e-02
